# Total of pieces
16
# Stock material length
20
#P1
2 12
1 1 1 1 1 1 1 1 1 1 1 1
1 1 1 1 1 1 1 1 1 1 1 1
#P2
7 12
1 1 1 1 1 1 1 1 1 1 1 1
1 1 1 1 1 1 1 1 1 1 1 1
1 1 1 1 1 1 1 1 1 1 1 1
1 1 1 1 1 1 1 1 1 1 1 1
1 1 1 1 1 1 1 1 1 1 1 1
1 1 1 1 1 1 1 1 1 1 1 1
1 1 1 1 1 1 1 1 1 1 1 1
#P3
8 6
1 1 1 1 1 1
1 1 1 1 1 1
1 1 1 1 1 1
1 1 1 1 1 1
1 1 1 1 1 1
1 1 1 1 1 1
1 1 1 1 1 1
1 1 1 1 1 1
#P4
3 6
1 1 1 1 1 1
1 1 1 1 1 1
1 1 1 1 1 1
#P5
3 5
1 1 1 1 1
1 1 1 1 1
1 1 1 1 1
#P6
5 5
1 1 1 1 1
1 1 1 1 1
1 1 1 1 1
1 1 1 1 1
1 1 1 1 1
#P7
3 12
1 1 1 1 1 1 1 1 1 1 1 1
1 1 1 1 1 1 1 1 1 1 1 1
1 1 1 1 1 1 1 1 1 1 1 1
#P8
3 7
1 1 1 1 1 1 1
1 1 1 1 1 1 1
1 1 1 1 1 1 1
#P9
5 7
1 1 1 1 1 1 1
1 1 1 1 1 1 1
1 1 1 1 1 1 1
1 1 1 1 1 1 1
1 1 1 1 1 1 1
#P10
2 6
1 1 1 1 1 1
1 1 1 1 1 1
#P11
3 2
1 1
1 1
1 1
#P12
4 2
1 1
1 1
1 1
1 1
#P13
3 4
1 1 1 1
1 1 1 1
1 1 1 1
#P14
4 4
1 1 1 1
1 1 1 1
1 1 1 1
1 1 1 1
#P15
9 2
1 1
1 1
1 1
1 1
1 1
1 1
1 1
1 1
1 1
#P16
11 2
1 1
1 1
1 1
1 1
1 1
1 1
1 1
1 1
1 1
1 1
1 1