# Total of pieces
17
# Stock material length
20
#P1
4 1
1
1
1
1
#P2
4 5
1 1 1 1 1
1 1 1 1 1
1 1 1 1 1
1 1 1 1 1
#P3
9 4
1 1 1 1
1 1 1 1
1 1 1 1
1 1 1 1
1 1 1 1
1 1 1 1
1 1 1 1
1 1 1 1
1 1 1 1
#P4
3 5
1 1 1 1 1
1 1 1 1 1
1 1 1 1 1
#P5
3 9
1 1 1 1 1 1 1 1 1
1 1 1 1 1 1 1 1 1
1 1 1 1 1 1 1 1 1
#P6
1 4
1 1 1 1
#P7
5 3
1 1 1
1 1 1
1 1 1
1 1 1
1 1 1
#P8
4 1
1
1
1
1
#P9
5 5
1 1 1 1 1
1 1 1 1 1
1 1 1 1 1
1 1 1 1 1
1 1 1 1 1
#P10
7 2
1 1
1 1
1 1
1 1
1 1
1 1
1 1
#P11
9 3
1 1 1
1 1 1
1 1 1
1 1 1
1 1 1
1 1 1
1 1 1
1 1 1
1 1 1
#P12
3 13
1 1 1 1 1 1 1 1 1 1 1 1 1
1 1 1 1 1 1 1 1 1 1 1 1 1
1 1 1 1 1 1 1 1 1 1 1 1 1
#P13
2 8
1 1 1 1 1 1 1 1
1 1 1 1 1 1 1 1
#P14
15 4
1 1 1 1
1 1 1 1
1 1 1 1
1 1 1 1
1 1 1 1
1 1 1 1
1 1 1 1
1 1 1 1
1 1 1 1
1 1 1 1
1 1 1 1
1 1 1 1
1 1 1 1
1 1 1 1
1 1 1 1
#P15
5 4
1 1 1 1
1 1 1 1
1 1 1 1
1 1 1 1
1 1 1 1
#P16
10 6
1 1 1 1 1 1
1 1 1 1 1 1
1 1 1 1 1 1
1 1 1 1 1 1
1 1 1 1 1 1
1 1 1 1 1 1
1 1 1 1 1 1
1 1 1 1 1 1
1 1 1 1 1 1
1 1 1 1 1 1
#P17
7 2
1 1
1 1
1 1
1 1
1 1
1 1
1 1