# Total of pieces
16
# Stock material length
20
#P1
4 14
1 1 1 1 1 1 1 1 1 1 1 1 1 1
1 1 1 1 1 1 1 1 1 1 1 1 1 1
1 1 1 1 1 1 1 1 1 1 1 1 1 1
1 1 1 1 1 1 1 1 1 1 1 1 1 1
#P2
5 2
1 1
1 1
1 1
1 1
1 1
#P3
2 2
1 1
1 1
#P4
9 7
1 1 1 1 1 1 1
1 1 1 1 1 1 1
1 1 1 1 1 1 1
1 1 1 1 1 1 1
1 1 1 1 1 1 1
1 1 1 1 1 1 1
1 1 1 1 1 1 1
1 1 1 1 1 1 1
1 1 1 1 1 1 1
#P5
5 5
1 1 1 1 1
1 1 1 1 1
1 1 1 1 1
1 1 1 1 1
1 1 1 1 1
#P6
2 5
1 1 1 1 1
1 1 1 1 1
#P7
7 7
1 1 1 1 1 1 1
1 1 1 1 1 1 1
1 1 1 1 1 1 1
1 1 1 1 1 1 1
1 1 1 1 1 1 1
1 1 1 1 1 1 1
1 1 1 1 1 1 1
#P8
3 5
1 1 1 1 1
1 1 1 1 1
1 1 1 1 1
#P9
6 5
1 1 1 1 1
1 1 1 1 1
1 1 1 1 1
1 1 1 1 1
1 1 1 1 1
1 1 1 1 1
#P10
3 2
1 1
1 1
1 1
#P11
6 2
1 1
1 1
1 1
1 1
1 1
1 1
#P12
4 6
1 1 1 1 1 1
1 1 1 1 1 1
1 1 1 1 1 1
1 1 1 1 1 1
#P13
6 3
1 1 1
1 1 1
1 1 1
1 1 1
1 1 1
1 1 1
#P14
10 3
1 1 1
1 1 1
1 1 1
1 1 1
1 1 1
1 1 1
1 1 1
1 1 1
1 1 1
1 1 1
#P15
6 3
1 1 1
1 1 1
1 1 1
1 1 1
1 1 1
1 1 1
#P16
10 3
1 1 1
1 1 1
1 1 1
1 1 1
1 1 1
1 1 1
1 1 1
1 1 1
1 1 1
1 1 1