# Total of pieces
25
# Stock material length
40
#P1
11 2
1 1
1 1
1 1
1 1
1 1
1 1
1 1
1 1
1 1
1 1
1 1
#P2
2 3
1 1 1
1 1 1
#P3
10 7
1 1 1 1 1 1 1
1 1 1 1 1 1 1
1 1 1 1 1 1 1
1 1 1 1 1 1 1
1 1 1 1 1 1 1
1 1 1 1 1 1 1
1 1 1 1 1 1 1
1 1 1 1 1 1 1
1 1 1 1 1 1 1
1 1 1 1 1 1 1
#P4
8 4
1 1 1 1
1 1 1 1
1 1 1 1
1 1 1 1
1 1 1 1
1 1 1 1
1 1 1 1
1 1 1 1
#P5
9 5
1 1 1 1 1
1 1 1 1 1
1 1 1 1 1
1 1 1 1 1
1 1 1 1 1
1 1 1 1 1
1 1 1 1 1
1 1 1 1 1
1 1 1 1 1
#P6
7 2
1 1
1 1
1 1
1 1
1 1
1 1
1 1
#P7
4 1
1
1
1
1
#P8
6 1
1
1
1
1
1
1
#P9
4 5
1 1 1 1 1
1 1 1 1 1
1 1 1 1 1
1 1 1 1 1
#P10
8 3
1 1 1
1 1 1
1 1 1
1 1 1
1 1 1
1 1 1
1 1 1
1 1 1
#P11
1 3
1 1 1
#P12
5 5
1 1 1 1 1
1 1 1 1 1
1 1 1 1 1
1 1 1 1 1
1 1 1 1 1
#P13
3 1
1
1
1
#P14
12 4
1 1 1 1
1 1 1 1
1 1 1 1
1 1 1 1
1 1 1 1
1 1 1 1
1 1 1 1
1 1 1 1
1 1 1 1
1 1 1 1
1 1 1 1
1 1 1 1
#P15
6 2
1 1
1 1
1 1
1 1
1 1
1 1
#P16
2 4
1 1 1 1
1 1 1 1
#P17
11 4
1 1 1 1
1 1 1 1
1 1 1 1
1 1 1 1
1 1 1 1
1 1 1 1
1 1 1 1
1 1 1 1
1 1 1 1
1 1 1 1
1 1 1 1
#P18
10 2
1 1
1 1
1 1
1 1
1 1
1 1
1 1
1 1
1 1
1 1
#P19
3 2
1 1
1 1
1 1
#P20
11 2
1 1
1 1
1 1
1 1
1 1
1 1
1 1
1 1
1 1
1 1
1 1
#P21
3 4
1 1 1 1
1 1 1 1
1 1 1 1
#P22
26 4
1 1 1 1
1 1 1 1
1 1 1 1
1 1 1 1
1 1 1 1
1 1 1 1
1 1 1 1
1 1 1 1
1 1 1 1
1 1 1 1
1 1 1 1
1 1 1 1
1 1 1 1
1 1 1 1
1 1 1 1
1 1 1 1
1 1 1 1
1 1 1 1
1 1 1 1
1 1 1 1
1 1 1 1
1 1 1 1
1 1 1 1
1 1 1 1
1 1 1 1
1 1 1 1
#P23
8 4
1 1 1 1
1 1 1 1
1 1 1 1
1 1 1 1
1 1 1 1
1 1 1 1
1 1 1 1
1 1 1 1
#P24
3 2
1 1
1 1
1 1
#P25
6 2
1 1
1 1
1 1
1 1
1 1
1 1