# Total of pieces
25
# Stock material length
40
#P1
12 7
1 1 1 1 1 1 1
1 1 1 1 1 1 1
1 1 1 1 1 1 1
1 1 1 1 1 1 1
1 1 1 1 1 1 1
1 1 1 1 1 1 1
1 1 1 1 1 1 1
1 1 1 1 1 1 1
1 1 1 1 1 1 1
1 1 1 1 1 1 1
1 1 1 1 1 1 1
1 1 1 1 1 1 1
#P2
7 7
1 1 1 1 1 1 1
1 1 1 1 1 1 1
1 1 1 1 1 1 1
1 1 1 1 1 1 1
1 1 1 1 1 1 1
1 1 1 1 1 1 1
1 1 1 1 1 1 1
#P3
7 1
1
1
1
1
1
1
1
#P4
5 1
1
1
1
1
1
#P5
3 2
1 1
1 1
1 1
#P6
6 2
1 1
1 1
1 1
1 1
1 1
1 1
#P7
7 2
1 1
1 1
1 1
1 1
1 1
1 1
1 1
#P8
5 2
1 1
1 1
1 1
1 1
1 1
#P9
3 1
1
1
1
#P10
6 1
1
1
1
1
1
1
#P11
12 6
1 1 1 1 1 1
1 1 1 1 1 1
1 1 1 1 1 1
1 1 1 1 1 1
1 1 1 1 1 1
1 1 1 1 1 1
1 1 1 1 1 1
1 1 1 1 1 1
1 1 1 1 1 1
1 1 1 1 1 1
1 1 1 1 1 1
1 1 1 1 1 1
#P12
9 6
1 1 1 1 1 1
1 1 1 1 1 1
1 1 1 1 1 1
1 1 1 1 1 1
1 1 1 1 1 1
1 1 1 1 1 1
1 1 1 1 1 1
1 1 1 1 1 1
1 1 1 1 1 1
#P13
12 2
1 1
1 1
1 1
1 1
1 1
1 1
1 1
1 1
1 1
1 1
1 1
1 1
#P14
7 2
1 1
1 1
1 1
1 1
1 1
1 1
1 1
#P15
10 3
1 1 1
1 1 1
1 1 1
1 1 1
1 1 1
1 1 1
1 1 1
1 1 1
1 1 1
1 1 1
#P16
4 1
1
1
1
1
#P17
5 1
1
1
1
1
1
#P18
16 3
1 1 1
1 1 1
1 1 1
1 1 1
1 1 1
1 1 1
1 1 1
1 1 1
1 1 1
1 1 1
1 1 1
1 1 1
1 1 1
1 1 1
1 1 1
1 1 1
#P19
5 3
1 1 1
1 1 1
1 1 1
1 1 1
1 1 1
#P20
4 2
1 1
1 1
1 1
1 1
#P21
5 2
1 1
1 1
1 1
1 1
1 1
#P22
10 3
1 1 1
1 1 1
1 1 1
1 1 1
1 1 1
1 1 1
1 1 1
1 1 1
1 1 1
1 1 1
#P23
9 3
1 1 1
1 1 1
1 1 1
1 1 1
1 1 1
1 1 1
1 1 1
1 1 1
1 1 1
#P24
16 3
1 1 1
1 1 1
1 1 1
1 1 1
1 1 1
1 1 1
1 1 1
1 1 1
1 1 1
1 1 1
1 1 1
1 1 1
1 1 1
1 1 1
1 1 1
1 1 1
#P25
5 3
1 1 1
1 1 1
1 1 1
1 1 1
1 1 1